       19121          41          40        5759           0
       19121          41          40        5759           0
       19121          41          40        5759           0
       19121          41          40        5759           0
       19121          41          40        5759           0
       19121          41          40        5759           0
       19121          41          40        5759       70913
       19121          41          40        5759           0
       19121          41          40        5759           0
       19121          41          40        5759           0
       19078          40          41        5759           0
       19078          40          41        5759           0
       19078          40          41        5759           0
       19078          40          41        5759           0
       19078          40          41        5759           0
       19078          40          41        5759           0
       19078          40          41        5759           0
       19075          40          41        5758           0
       19075          40          41        5758           0
       19075          40          41        5758           0
